4 0.490234375 0.5084635416666666 0.07275390625 0.09895833333333333
3 0.55859375 0.4596354166666667 0.06982421875 0.150390625
1 0.64404296875 0.7330729166666666 0.0244140625 0.035807291666666664
4 0.62646484375 0.7239583333333334 0.02978515625 0.039713541666666664
1 0.63671875 0.794921875 0.01220703125 0.017578125
1 0.62646484375 0.7955729166666666 0.009765625 0.016927083333333332
3 0.6552734375 0.7819010416666666 0.0166015625 0.038411458333333336
3 0.6689453125 0.9876302083333334 0.009765625 0.024739583333333332
5 0.650390625 0.818359375 0.00927734375 0.011067708333333334
1 0.66162109375 0.8125 0.0107421875 0.016276041666666668
3 0.6337890625 0.7552083333333334 0.0185546875 0.04296875