4 0.49365234375 0.4869791666666667 0.07421875 0.09700520833333333
3 0.5302734375 0.578125 0.11279296875 0.09309895833333333
2 0.90380859375 0.6770833333333334 0.02783203125 0.037109375
1 0.3251953125 0.6920572916666666 0.02685546875 0.032552083333333336
4 0.33203125 0.6686197916666666 0.02978515625 0.039713541666666664
1 0.27880859375 0.6822916666666666 0.01318359375 0.016276041666666668
1 0.2783203125 0.6686197916666666 0.0126953125 0.013020833333333334
3 0.28857421875 0.70703125 0.02880859375 0.022135416666666668
2 0.11572265625 0.73828125 0.009765625 0.013671875
3 0.13330078125 0.7252604166666666 0.0205078125 0.013020833333333334
1 0.11865234375 0.7135416666666666 0.009765625 0.014322916666666666
5 0.26123046875 0.7005208333333334 0.00830078125 0.012369791666666666
1 0.265625 0.7154947916666666 0.01220703125 0.014322916666666666
1 0.06640625 0.6809895833333334 0.01220703125 0.014322916666666666
1 0.06640625 0.66796875 0.01171875 0.014322916666666666
3 0.06884765625 0.7115885416666666 0.03076171875 0.0234375
3 0.30859375 0.6783854166666666 0.0322265625 0.024739583333333332