4 0.57763671875 0.4441731770833333 0.0634765625 0.08561197916666667
4 0.7582421875 0.52384765625 0.0362548828125 0.053873697916666664
4 0.90087890625 0.5586783854166667 0.029296875 0.039876302083333336
3 0.5780029296875 0.5257161458333334 0.10498046875 0.07975260416666667
3 0.404970703125 0.64453125 0.0335693359375 0.026041666666666668
1 0.6805419921875 0.63517578125 0.023193359375 0.033365885416666664
3 0.7275390625 0.6429036458333334 0.040283203125 0.032552083333333336
2 0.7070947265625 0.6856315104166667 0.0225830078125 0.03173828125
1 0.8999658203125 0.6404622395833334 0.0225830078125 0.029296875
3 0.900576171875 0.60587890625 0.0115966796875 0.039876302083333336
3 0.90087890625 0.5855338541666667 0.029296875 0.01220703125
1 0.96923828125 0.6339518229166666 0.015869140625 0.01953125