4 0.63916015625 0.5130208333333334 0.0634765625 0.0859375
5 0.98193359375 0.6796875 0.0361328125 0.049479166666666664
1 0.982421875 0.6321614583333334 0.03515625 0.053385416666666664
5 0.2939453125 0.5078125 0.029296875 0.036458333333333336
2 0.52392578125 0.646484375 0.0478515625 0.06640625
3 0.58203125 0.583984375 0.095703125 0.07942708333333333
5 0.71728515625 0.5859375 0.0244140625 0.033854166666666664
5 0.474609375 0.60546875 0.02734375 0.046875
1 0.47509765625 0.546875 0.0283203125 0.046875
1 0.3232421875 0.66796875 0.015625 0.0234375
1 0.31787109375 0.6432291666666666 0.0146484375 0.020833333333333332
4 0.3207421875 0.595703125 0.0164794921875 0.0244140625