5 0.525390625 0.016276041666666668 0.0234375 0.032552083333333336
5 0.507568359375 0.1572265625 0.03564453125 0.049479166666666664
1 0.50341796875 0.014973958333333334 0.0224609375 0.029947916666666668
1 0.486572265625 0.041341145833333336 0.02490234375 0.027994791666666668
1 0.492919921875 0.20963541666666666 0.03662109375 0.047526041666666664
1 0.542236328125 0.1591796875 0.0361328125 0.048828125
4 0.468505859375 0.15559895833333334 0.04345703125 0.055989583333333336
4 0.52880859375 0.2109375 0.037109375 0.048828125
1 0.57177734375 0.623046875 0.1064453125 0.13802083333333334
1 0.48095703125 0.6220703125 0.07861328125 0.103515625
3 0.476806640625 0.07747395833333333 0.05859375 0.033854166666666664