5 0.1364990234375 0.4660872395833333 0.02619140625 0.0313671875
5 0.2428076171875 0.49005859375 0.03728515625 0.04735026041666667
1 0.1360546875 0.4950846354166667 0.023525390625 0.030182291666666666
1 0.1560302734375 0.5178710937500001 0.0208642578125 0.03314453125
1 0.282314453125 0.50958984375 0.0355126953125 0.048535156249999996
1 0.2443603515625 0.44359375 0.0368408203125 0.047942708333333334
4 0.24169921875 0.5421419270833333 0.04216796875 0.05800130208333334
4 0.283203125 0.4616471354166667 0.0364013671875 0.049713541666666666
1 0.592373046875 0.40423828125 0.103427734375 0.14204427083333335
1 0.591484375 0.5252734375 0.0776806640625 0.10475911458333333
3 0.18310546875 0.5308919270833333 0.025302734375 0.078125