2 0.58251953125 0.021484375 0.0546875 0.04296875
2 0.614013671875 0.6689453125 0.02099609375 0.026041666666666668
2 0.62109375 0.6881510416666666 0.015625 0.012369791666666666
2 0.619873046875 0.6171875 0.017578125 0.016927083333333332
2 0.609130859375 0.9583333333333334 0.01904296875 0.037760416666666664
1 0.608154296875 0.7249348958333334 0.0234375 0.025390625
1 0.495361328125 0.8671875 0.03955078125 0.052083333333333336
1 0.54443359375 0.09440104166666667 0.041015625 0.053385416666666664
4 0.495361328125 0.09602864583333333 0.052734375 0.072265625
4 0.583984375 0.7249348958333334 0.02490234375 0.033854166666666664
4 0.449462890625 0.8671875 0.05322265625 0.06966145833333333
5 0.601806640625 0.6181640625 0.01318359375 0.015625