2 0.1302099609375 0.6101692708333334 0.0542529296875 0.07305989583333333
2 0.6266259765625 0.65212890625 0.01953125 0.028209635416666667
2 0.641005859375 0.6615299479166666 0.0092236328125 0.0209765625
2 0.5878369140625 0.6597200520833334 0.01248046875 0.023151041666666667
2 0.843642578125 0.6456184895833333 0.028212890625 0.025319010416666666
1 0.668671875 0.6441666666666667 0.0189892578125 0.031106770833333335
1 0.775283203125 0.49370442708333334 0.0390625 0.05280598958333333
1 0.1958544921875 0.5591731770833334 0.040146484375 0.05497395833333333
4 0.1969384765625 0.49370442708333334 0.0542529296875 0.07016927083333334
4 0.668671875 0.6119791666666666 0.025498046875 0.03327473958333333
4 0.775283203125 0.43257812500000004 0.0520849609375 0.07089192708333333
5 0.58865234375 0.6358528645833333 0.01193359375 0.01736328125