4 0.28271484375 0.626953125 0.01953125 0.03125
1 0.0537109375 0.6640625 0.01171875 0.015625
3 0.5009765625 0.5390625 0.09765625 0.09895833333333333
4 0.5 0.4388020833333333 0.068359375 0.087890625
1 0.33544921875 0.666015625 0.0224609375 0.030598958333333332
1 0.2841796875 0.6712239583333334 0.021484375 0.029296875
1 0.326171875 0.701171875 0.00927734375 0.013020833333333334
1 0.330078125 0.6608072916666666 0.0244140625 0.032552083333333336
1 0.3505859375 0.7102864583333334 0.00830078125 0.010416666666666666
1 0.23779296875 0.6627604166666666 0.01171875 0.014322916666666666
4 0.24560546875 0.705078125 0.0078125 0.010416666666666666