1 0.21826171875 0.736328125 0.0380859375 0.048177083333333336
4 0.21875 0.7760416666666666 0.04248046875 0.030598958333333332
4 0.42626953125 0.6477864583333334 0.06396484375 0.08658854166666667
3 0.35009765625 0.75 0.0908203125 0.12434895833333333
3 0.3486328125 0.8346354166666666 0.0888671875 0.037760416666666664
3 0.22705078125 0.9622395833333334 0.0087890625 0.021484375
3 0.25146484375 0.9622395833333334 0.0283203125 0.022135416666666668
3 0.427734375 0.7981770833333334 0.060546875 0.036458333333333336
3 0.427734375 0.8717447916666666 0.09912109375 0.1015625
3 0.31103515625 0.951171875 0.05078125 0.033854166666666664
1 0.2255859375 0.9309895833333334 0.009765625 0.037109375
1 0.2509765625 0.9296875 0.02734375 0.036458333333333336
1 0.0966796875 0.9791666666666666 0.03173828125 0.041015625
1 0.15576171875 0.9537760416666666 0.0380859375 0.048828125
1 0.234375 0.8509114583333334 0.07177734375 0.11848958333333333
1 0.3115234375 0.8984375 0.05078125 0.0703125
1 0.42724609375 0.734375 0.06005859375 0.08268229166666667