1 0.32275390625 0.8756510416666666 0.0361328125 0.05078125
4 0.29296875 0.875 0.02294921875 0.056640625
4 0.38916015625 0.5983072916666666 0.06494140625 0.08528645833333333
3 0.3125 0.6998697916666666 0.09326171875 0.12109375
3 0.2490234375 0.7018229166666666 0.0283203125 0.11848958333333333
3 0.1533203125 0.8639322916666666 0.01611328125 0.01171875
3 0.1533203125 0.8313802083333334 0.0166015625 0.037760416666666664
3 0.2763671875 0.5963541666666666 0.02734375 0.08072916666666667
3 0.22119140625 0.5963541666666666 0.076171875 0.13216145833333334
3 0.16162109375 0.751953125 0.025390625 0.06770833333333333
1 0.1767578125 0.8658854166666666 0.02783203125 0.013020833333333334
1 0.177734375 0.83203125 0.02734375 0.036458333333333336
1 0.15966796875 0.958984375 0.03662109375 0.05078125
1 0.23681640625 0.8541666666666666 0.0888671875 0.095703125
1 0.201171875 0.7513020833333334 0.052734375 0.06770833333333333
1 0.32421875 0.5970052083333334 0.06201171875 0.080078125