3 0.6806640625 0.8359375 0.02001953125 0.009765625
3 0.4521484375 0.8216145833333334 0.00634765625 0.022786458333333332
2 0.505859375 0.7109375 0.10205078125 0.154296875
5 0.521484375 0.54296875 0.13037109375 0.181640625
5 0.810546875 0.818359375 0.01611328125 0.01953125
3 0.81103515625 0.8326822916666666 0.01416015625 0.007161458333333333
1 0.86279296875 0.8430989583333334 0.01904296875 0.050130208333333336
4 0.81201171875 0.8463541666666666 0.0146484375 0.020182291666666668
4 0.68115234375 0.8170572916666666 0.02099609375 0.028645833333333332
4 0.453125 0.796875 0.017578125 0.024088541666666668
4 0.12744140625 0.8001302083333334 0.01416015625 0.025390625