3 0.751953125 0.7408854166666666 0.00732421875 0.026692708333333332
3 0.7412109375 0.4361979166666667 0.01708984375 0.008463541666666666
2 0.658203125 0.5078125 0.11572265625 0.13606770833333334
5 0.5322265625 0.5286458333333334 0.13623046875 0.173828125
5 0.73876953125 0.9140625 0.0146484375 0.021484375
3 0.74951171875 0.9147135416666666 0.00537109375 0.018880208333333332
1 0.75732421875 0.9837239583333334 0.03759765625 0.025390625
4 0.759765625 0.916015625 0.01513671875 0.01953125
4 0.73779296875 0.7415364583333334 0.021484375 0.027994791666666668
4 0.72265625 0.4375 0.01806640625 0.0234375
4 0.724853515625 0.006184895833333333 0.01904296875 0.012369791666666666