1 0.337890625 0.8079427083333334 0.0224609375 0.0390625
1 0.22509765625 0.7975260416666666 0.00390625 0.014973958333333334
1 0.2353515625 0.7975260416666666 0.00830078125 0.015625
1 0.20068359375 0.7981770833333334 0.01513671875 0.018880208333333332
1 0.20458984375 0.7734375 0.01904296875 0.0234375
4 0.2041015625 0.7473958333333334 0.01953125 0.024739583333333332
1 0.20458984375 0.7213541666666666 0.017578125 0.022786458333333332
3 0.22998046875 0.7799479166666666 0.02490234375 0.016276041666666668
3 0.265625 0.7428385416666666 0.02783203125 0.020833333333333332
1 0.26171875 0.7083333333333334 0.02197265625 0.044921875
1 0.23046875 0.7486979166666666 0.02490234375 0.043619791666666664
1 0.29296875 0.703125 0.0400390625 0.055338541666666664
1 0.48193359375 0.369140625 0.060546875 0.080078125
4 0.48193359375 0.4557291666666667 0.06689453125 0.08919270833333333
1 0.48095703125 0.5436197916666666 0.0654296875 0.08984375
1 0.6767578125 0.5149739583333334 0.0771484375 0.10546875
3 0.6767578125 0.5885416666666666 0.07470703125 0.0390625