1 0.73095703125 0.7161458333333334 0.029296875 0.029947916666666668
1 0.72314453125 0.8665364583333334 0.01123046875 0.005208333333333333
1 0.72314453125 0.8528645833333334 0.01171875 0.011067708333333334
1 0.7236328125 0.8990885416666666 0.01416015625 0.020182291666666668
1 0.705078125 0.8938802083333334 0.017578125 0.025390625
4 0.685546875 0.89453125 0.0185546875 0.026041666666666668
1 0.666015625 0.8938802083333334 0.01708984375 0.0234375
3 0.7099609375 0.8600260416666666 0.01220703125 0.033203125
3 0.68212890625 0.8125 0.015625 0.037109375
1 0.65625 0.8177083333333334 0.03369140625 0.029296875
1 0.6865234375 0.859375 0.03271484375 0.033203125
1 0.65234375 0.7760416666666666 0.04150390625 0.053385416666666664
1 0.40185546875 0.5240885416666666 0.06005859375 0.08072916666666667
4 0.466796875 0.5240885416666666 0.06689453125 0.08919270833333333
1 0.53271484375 0.525390625 0.0673828125 0.08723958333333333
1 0.51123046875 0.2643229166666667 0.0791015625 0.10286458333333333
3 0.56640625 0.2643229166666667 0.029296875 0.099609375