3 0.3798828125 0.62890625 0.0146484375 0.034505208333333336
3 0.4228515625 0.6282552083333334 0.01025390625 0.03515625
3 0.4345703125 0.5631510416666666 0.02294921875 0.054036458333333336
5 0.4033203125 0.4088541666666667 0.03125 0.045572916666666664
5 0.47119140625 0.435546875 0.03955078125 0.057291666666666664
5 0.4462890625 0.6282552083333334 0.03515625 0.052734375
1 0.357421875 0.6302083333333334 0.0263671875 0.034505208333333336
1 0.4033203125 0.62890625 0.0263671875 0.03515625
1 0.357421875 0.4869791666666667 0.0185546875 0.0234375
1 0.34765625 0.20768229166666666 0.02001953125 0.021484375
1 0.35205078125 0.15559895833333334 0.0283203125 0.037109375
4 0.482421875 0.5618489583333334 0.0703125 0.09309895833333333
3 0.33203125 0.20768229166666666 0.00927734375 0.021484375