3 0.5966796875 0.66015625 0.02587890625 0.01953125
3 0.59619140625 0.6028645833333334 0.0263671875 0.013671875
3 0.54736328125 0.5872395833333334 0.04052734375 0.030598958333333332
5 0.431640625 0.62890625 0.0341796875 0.041666666666666664
5 0.45166015625 0.5384114583333334 0.04296875 0.052734375
5 0.59619140625 0.5716145833333334 0.03955078125 0.046875
1 0.59765625 0.6901041666666666 0.02587890625 0.03515625
1 0.5966796875 0.62890625 0.0263671875 0.03515625
1 0.490234375 0.6901041666666666 0.017578125 0.024739583333333332
1 0.28076171875 0.703125 0.01611328125 0.026692708333333332
1 0.24169921875 0.697265625 0.02783203125 0.037760416666666664
4 0.54638671875 0.5234375 0.06982421875 0.09375
3 0.98388671875 0.4348958333333333 0.0322265625 0.07291666666666667
5 0.97021484375 0.14778645833333334 0.0595703125 0.15364583333333334
2 0.98388671875 0.3196614583333333 0.03173828125 0.13802083333333334
3 0.28076171875 0.7239583333333334 0.01611328125 0.012369791666666666