1 0.39794921875 0.34375 0.07177734375 0.09440104166666667
4 0.39697265625 0.44921875 0.080078125 0.10611979166666667
1 0.396484375 0.5559895833333334 0.080078125 0.10677083333333333
1 0.2373046875 0.759765625 0.03662109375 0.08463541666666667
4 0.52685546875 0.9928385416666666 0.01513671875 0.013671875
4 0.4892578125 0.97265625 0.03466796875 0.046223958333333336
1 0.5263671875 0.9700520833333334 0.0146484375 0.028645833333333332
1 0.67578125 0.9869791666666666 0.0283203125 0.018880208333333332
4 0.67529296875 0.962890625 0.02001953125 0.02734375
3 0.7392578125 0.990234375 0.02587890625 0.01953125
0 0.7783203125 0.9856770833333334 0.0107421875 0.020182291666666668
0 0.76171875 0.9876302083333334 0.01708984375 0.020182291666666668
3 0.7392578125 0.9524739583333334 0.02587890625 0.048177083333333336