4 0.22509765625 0.55859375 0.0234375 0.052734375
1 0.181640625 0.400390625 0.029296875 0.046223958333333336
1 0.181640625 0.4498697916666667 0.03125 0.048177083333333336
3 0.224609375 0.6087239583333334 0.02685546875 0.043619791666666664
3 0.22998046875 0.4303385416666667 0.064453125 0.08919270833333333
3 0.31591796875 0.5592447916666666 0.05029296875 0.03125
3 0.31640625 0.5201822916666666 0.06201171875 0.039713541666666664
3 0.52099609375 0.5924479166666666 0.0771484375 0.046223958333333336
4 0.31591796875 0.4544270833333333 0.06591796875 0.08463541666666667
4 0.51513671875 0.5006510416666666 0.0947265625 0.12890625
3 0.24951171875 0.3372395833333333 0.1123046875 0.083984375
3 0.513671875 0.3326822916666667 0.259765625 0.15755208333333334