4 0.5439453125 0.13346354166666666 0.03955078125 0.03125
1 0.42529296875 0.07552083333333333 0.03466796875 0.0390625
1 0.46240234375 0.07552083333333333 0.0361328125 0.041666666666666664
3 0.58154296875 0.1328125 0.03271484375 0.035807291666666664
3 0.44775390625 0.13997395833333334 0.06689453125 0.0859375
3 0.54443359375 0.2545572916666667 0.0234375 0.06705729166666667
3 0.51513671875 0.2552083333333333 0.02978515625 0.08268229166666667
3 0.5693359375 0.5279947916666666 0.03466796875 0.10286458333333333
4 0.4658203125 0.2545572916666667 0.0634765625 0.087890625
4 0.50048828125 0.5201822916666666 0.0966796875 0.12630208333333334
3 0.3779296875 0.166015625 0.06298828125 0.14973958333333334
3 0.37451171875 0.5182291666666666 0.1181640625 0.3463541666666667