3 0.24365234375 0.80859375 0.05078125 0.054036458333333336
4 0.23974609375 0.7493489583333334 0.04443359375 0.061197916666666664
3 0.177734375 0.822265625 0.0322265625 0.021484375
1 0.17724609375 0.791015625 0.03076171875 0.039713541666666664
1 0.19677734375 0.609375 0.03955078125 0.061848958333333336
1 0.1953125 0.5481770833333334 0.04052734375 0.057291666666666664
3 0.90869140625 0.69140625 0.13671875 0.09114583333333333
3 0.42578125 0.705078125 0.0712890625 0.043619791666666664
3 0.42333984375 0.650390625 0.08740234375 0.056640625
3 0.2626953125 0.5703125 0.08154296875 0.11197916666666667
3 0.28662109375 0.4524739583333333 0.142578125 0.111328125
4 0.42138671875 0.55859375 0.09033203125 0.11979166666666667
4 0.8955078125 0.529296875 0.16552734375 0.22265625
3 0.8310546875 0.25390625 0.33740234375 0.2727864583333333