3 0.75634765625 0.80859375 0.05078125 0.054036458333333336
4 0.76025390625 0.7493489583333334 0.04443359375 0.061197916666666664
3 0.822265625 0.822265625 0.0322265625 0.021484375
1 0.82275390625 0.791015625 0.03076171875 0.039713541666666664
1 0.80322265625 0.609375 0.03955078125 0.061848958333333336
1 0.8046875 0.5481770833333334 0.04052734375 0.057291666666666664
3 0.09130859375 0.69140625 0.13671875 0.09114583333333333
3 0.57421875 0.705078125 0.0712890625 0.043619791666666664
3 0.57666015625 0.650390625 0.08740234375 0.056640625
3 0.7373046875 0.5703125 0.08154296875 0.11197916666666667
3 0.71337890625 0.4524739583333333 0.142578125 0.111328125
4 0.57861328125 0.55859375 0.09033203125 0.11979166666666667
4 0.1044921875 0.529296875 0.16552734375 0.22265625
3 0.1689453125 0.25390625 0.33740234375 0.2727864583333333