4 0.0390625 0.6165364583333334 0.0126953125 0.016927083333333332
4 0.0390625 0.59765625 0.013671875 0.018880208333333332
4 0.234375 0.611328125 0.01220703125 0.014973958333333334
4 0.234375 0.59375 0.01416015625 0.01953125
1 0.38818359375 0.5813802083333334 0.01611328125 0.01953125
4 0.38623046875 0.5546875 0.01904296875 0.028645833333333332
1 0.404296875 0.5247395833333334 0.0234375 0.031901041666666664
2 0.4072265625 0.564453125 0.03515625 0.046875
1 0.4638671875 0.5462239583333334 0.0322265625 0.041666666666666664
4 0.46142578125 0.4934895833333333 0.0458984375 0.061197916666666664
5 0.5712890625 0.5266927083333334 0.0263671875 0.032552083333333336
2 0.572265625 0.5625 0.025390625 0.035807291666666664
0 0.77099609375 0.45703125 0.1796875 0.07161458333333333
4 0.65234375 0.39453125 0.06982421875 0.09700520833333333
4 0.65380859375 0.4973958333333333 0.07080078125 0.09700520833333333