5 0.45849609375 0.7838541666666666 0.01416015625 0.015625
5 0.36376953125 0.7779947916666666 0.01416015625 0.016927083333333332
4 0.43603515625 0.8040364583333334 0.0107421875 0.014973958333333334
1 0.41796875 0.7532552083333334 0.0078125 0.035807291666666664
1 0.3935546875 0.80859375 0.0068359375 0.010416666666666666
1 0.45458984375 0.7994791666666666 0.01171875 0.014973958333333334
1 0.3525390625 0.79296875 0.01123046875 0.014973958333333334
2 0.36328125 0.7942708333333334 0.01025390625 0.014322916666666666
2 0.337890625 0.822265625 0.00341796875 0.014973958333333334
2 0.3291015625 0.8216145833333334 0.0048828125 0.014973958333333334
3 0.3076171875 0.7903645833333334 0.013671875 0.008463541666666666
1 0.3076171875 0.7766927083333334 0.01318359375 0.017578125
4 0.3349609375 0.607421875 0.05615234375 0.078125
1 0.33447265625 0.6822916666666666 0.05615234375 0.07486979166666667
3 0.33447265625 0.7395833333333334 0.05517578125 0.038411458333333336