3 0.68603515625 0.22786458333333334 0.01416015625 0.03125
4 0.61279296875 0.541015625 0.052734375 0.0625
4 0.662109375 0.228515625 0.03271484375 0.0390625
3 0.65478515625 0.541015625 0.03369140625 0.06315104166666667
3 0.74267578125 0.236328125 0.01708984375 0.021484375
3 0.74658203125 0.20963541666666666 0.0166015625 0.036458333333333336
3 0.759765625 0.059244791666666664 0.0126953125 0.029947916666666668
1 0.7138671875 0.228515625 0.04052734375 0.035807291666666664
1 0.697265625 0.541015625 0.0537109375 0.0625
1 0.7197265625 0.20963541666666666 0.0361328125 0.045572916666666664
1 0.74267578125 0.060546875 0.02392578125 0.029296875