5 0.58935546875 0.5188802083333334 0.0263671875 0.03515625
4 0.65234375 0.4368489583333333 0.017578125 0.0234375
4 0.6474609375 0.15494791666666666 0.0185546875 0.013020833333333334
4 0.65966796875 0.529296875 0.0244140625 0.01953125
5 0.6611328125 0.13541666666666666 0.02099609375 0.033203125
5 0.64013671875 0.13541666666666666 0.02099609375 0.029296875
4 0.63525390625 0.4361979166666667 0.017578125 0.0234375
3 0.65234375 0.580078125 0.04052734375 0.043619791666666664
5 0.59326171875 0.556640625 0.04833984375 0.0703125
5 0.58154296875 0.030598958333333332 0.02978515625 0.044270833333333336
3 0.6220703125 0.030598958333333332 0.04736328125 0.0390625
4 0.65966796875 0.029947916666666668 0.02978515625 0.039713541666666664