1 0.7236328125 0.5625 0.02294921875 0.024739583333333332
3 0.74072265625 0.5631510416666666 0.0107421875 0.024739583333333332
3 0.703125 0.5618489583333334 0.01806640625 0.009765625
4 0.68408203125 0.5611979166666666 0.01806640625 0.024088541666666668
4 0.70166015625 0.62890625 0.02734375 0.03515625
4 0.67578125 0.9713541666666666 0.02001953125 0.026041666666666668
3 0.68994140625 0.9720052083333334 0.00927734375 0.020182291666666668
3 0.70458984375 0.9720052083333334 0.01953125 0.010416666666666666
4 0.4287109375 0.8821614583333334 0.111328125 0.14322916666666666
3 0.54150390625 0.8821614583333334 0.107421875 0.057942708333333336
1 0.71875 0.5442708333333334 0.01513671875 0.020833333333333332