1 0.62451171875 0.7376302083333334 0.01953125 0.026041666666666668
1 0.658203125 0.7408854166666666 0.01904296875 0.024088541666666668
1 0.859375 0.7727864583333334 0.0068359375 0.008463541666666666
1 0.98974609375 0.7278645833333334 0.0205078125 0.025390625
1 0.85986328125 0.7649739583333334 0.00634765625 0.007161458333333333
4 0.8193359375 0.7604166666666666 0.01123046875 0.015625
3 0.7919921875 0.7669270833333334 0.025390625 0.014322916666666666
4 0.65869140625 0.712890625 0.02392578125 0.03125
2 0.27880859375 0.751953125 0.01220703125 0.026692708333333332
1 0.279296875 0.7063802083333334 0.01708984375 0.039713541666666664
2 0.97265625 0.7565104166666666 0.0146484375 0.022786458333333332