3 0.12841796875 0.978515625 0.0068359375 0.016927083333333332
3 0.134765625 0.9153645833333334 0.00634765625 0.014322916666666666
3 0.128173828125 0.9153645833333334 0.00634765625 0.006510416666666667
4 0.13818359375 0.9778645833333334 0.0126953125 0.016276041666666668
4 0.1455078125 0.9153645833333334 0.013671875 0.018229166666666668
4 0.15869140625 0.740234375 0.02197265625 0.029947916666666668
3 0.14306640625 0.7395833333333334 0.01025390625 0.0234375
3 0.131591796875 0.7379557291666666 0.01318359375 0.012369791666666666
3 0.13671875 0.6966145833333334 0.0068359375 0.029947916666666668
1 0.15234375 0.6966145833333334 0.0234375 0.030598958333333332
3 0.18115234375 0.23177083333333334 0.02197265625 0.056640625
1 0.220703125 0.234375 0.0556640625 0.060546875