1 0.38916015625 0.537109375 0.0107421875 0.08138020833333333
1 0.5615234375 0.80859375 0.0087890625 0.014973958333333334
1 0.59619140625 0.8255208333333334 0.00732421875 0.010416666666666666
3 0.56787109375 0.775390625 0.01220703125 0.016276041666666668
3 0.61181640625 0.7623697916666666 0.01806640625 0.010416666666666666
5 0.61181640625 0.744140625 0.0224609375 0.026692708333333332
1 0.56884765625 0.755859375 0.01611328125 0.021484375
1 0.61181640625 0.7819010416666666 0.01806640625 0.025390625
1 0.623046875 0.8203125 0.0107421875 0.014973958333333334
3 0.61181640625 0.8020833333333334 0.01953125 0.012369791666666666
3 0.79541015625 0.78125 0.01806640625 0.026041666666666668
1 0.78369140625 0.7311197916666666 0.0419921875 0.057291666666666664
1 0.83544921875 0.7701822916666666 0.01611328125 0.020833333333333332
3 0.83544921875 0.7897135416666666 0.01220703125 0.014973958333333334
3 0.94384765625 0.8079427083333334 0.01953125 0.014322916666666666
1 0.94384765625 0.7890625 0.01953125 0.026041666666666668
4 0.78076171875 0.55859375 0.041015625 0.059895833333333336
1 0.779296875 0.6419270833333334 0.04052734375 0.059895833333333336