3 0.6552734375 0.791015625 0.02490234375 0.039713541666666664
3 0.6806640625 0.8873697916666666 0.00732421875 0.020182291666666668
3 0.67578125 0.859375 0.01708984375 0.026692708333333332
3 0.59423828125 0.5638020833333334 0.04833984375 0.09700520833333333
2 0.623046875 0.3509114583333333 0.05322265625 0.028645833333333332
1 0.52392578125 0.5625 0.09375 0.10091145833333333
1 0.623046875 0.7903645833333334 0.0390625 0.042317708333333336
1 0.67626953125 0.978515625 0.00830078125 0.014322916666666666
1 0.66748046875 0.888671875 0.01806640625 0.01953125
1 0.6552734375 0.859375 0.02392578125 0.026041666666666668
4 0.69482421875 0.7350260416666666 0.0107421875 0.010416666666666666
2 0.6669921875 0.6569010416666666 0.02587890625 0.009765625
1 0.69091796875 0.482421875 0.015625 0.020182291666666668