3 0.576171875 0.7630208333333334 0.0234375 0.04296875
4 0.5458984375 0.7708333333333334 0.01220703125 0.02734375
4 0.49169921875 0.7649739583333334 0.013671875 0.016276041666666668
4 0.49169921875 0.7467447916666666 0.01416015625 0.017578125
3 0.25439453125 0.7369791666666666 0.02294921875 0.048828125
4 0.25439453125 0.7766927083333334 0.0224609375 0.029296875
5 0.3154296875 0.77734375 0.0185546875 0.0234375
5 0.3154296875 0.7545572916666666 0.01806640625 0.0234375
5 0.54052734375 0.69921875 0.0205078125 0.026692708333333332
5 0.25439453125 0.6953125 0.0263671875 0.031901041666666664
5 0.56103515625 0.703125 0.0419921875 0.050130208333333336
5 0.06982421875 0.7057291666666666 0.03759765625 0.052734375