3 0.607421875 0.7174479166666666 0.005859375 0.018880208333333332
4 0.607421875 0.6979166666666666 0.015625 0.01953125
1 0.607421875 0.7376302083333334 0.015625 0.020833333333333332
5 0.47021484375 0.638671875 0.01513671875 0.05859375
4 0.4697265625 0.7037760416666666 0.01025390625 0.046875
1 0.4248046875 0.6731770833333334 0.0341796875 0.056640625
3 0.423828125 0.71484375 0.0322265625 0.02734375
3 0.42529296875 0.6302083333333334 0.033203125 0.029296875
3 0.42578125 0.6041666666666666 0.0263671875 0.020182291666666668
4 0.42626953125 0.5709635416666666 0.033203125 0.045572916666666664
3 0.20458984375 0.6725260416666666 0.05517578125 0.03515625
1 0.2041015625 0.6197916666666666 0.0537109375 0.06966145833333333
3 0.6083984375 0.7526041666666666 0.01416015625 0.009114583333333334