1 0.37548828125 0.7376302083333334 0.01953125 0.026041666666666668
1 0.341796875 0.7408854166666666 0.01904296875 0.024088541666666668
1 0.140625 0.7727864583333334 0.0068359375 0.008463541666666666
1 0.01025390625 0.7278645833333334 0.0205078125 0.025390625
1 0.14013671875 0.7649739583333334 0.00634765625 0.007161458333333333
4 0.1806640625 0.7604166666666666 0.01123046875 0.015625
3 0.2080078125 0.7669270833333334 0.025390625 0.014322916666666666
4 0.34130859375 0.712890625 0.02392578125 0.03125
2 0.72119140625 0.751953125 0.01220703125 0.026692708333333332
1 0.720703125 0.7063802083333334 0.01708984375 0.039713541666666664
2 0.02734375 0.7565104166666666 0.0146484375 0.022786458333333332