1 0.27734375 0.4895833333333333 0.009765625 0.010416666666666666
1 0.32470703125 0.4661458333333333 0.02587890625 0.029296875
4 0.2978515625 0.4674479166666667 0.01953125 0.017578125
3 0.30078125 0.626953125 0.0107421875 0.039713541666666664
1 0.318359375 0.626953125 0.025390625 0.033854166666666664
3 0.34619140625 0.626953125 0.0302734375 0.05078125
1 0.43603515625 0.798828125 0.07080078125 0.095703125
1 0.58642578125 0.8001302083333334 0.08984375 0.09309895833333333
3 0.521484375 0.7981770833333334 0.04443359375 0.09440104166666667
3 0.4853515625 0.7981770833333334 0.02783203125 0.09440104166666667
3 0.3818359375 0.7981770833333334 0.03564453125 0.09635416666666667