3 0.14111328125 0.9954427083333334 0.0126953125 0.009114583333333334
3 0.1884765625 0.9869791666666666 0.0107421875 0.008463541666666666
3 0.1884765625 0.9957682291666666 0.0048828125 0.008463541666666666
4 0.103515625 0.9967447916666666 0.009765625 0.006510416666666667
4 0.1416015625 0.982421875 0.01220703125 0.016927083333333332
4 0.1884765625 0.97265625 0.013671875 0.018229166666666668
4 0.31982421875 0.955078125 0.0224609375 0.029296875
3 0.3203125 0.9759114583333334 0.017578125 0.013671875
3 0.321533203125 0.9912109375 0.00927734375 0.017578125
3 0.3525390625 0.984375 0.0224609375 0.009114583333333334
1 0.3525390625 0.9635416666666666 0.02294921875 0.03125
3 0.701171875 0.9251302083333334 0.04248046875 0.029296875
1 0.69921875 0.8723958333333334 0.04541015625 0.07421875