2 0.779296875 0.443359375 0.00537109375 0.007161458333333333
5 0.7724609375 0.443359375 0.00732421875 0.010416666666666666
3 0.775390625 0.4205729166666667 0.0068359375 0.018229166666666668
4 0.75048828125 0.419921875 0.013671875 0.018229166666666668
1 0.77880859375 0.435546875 0.005859375 0.0078125
3 0.77880859375 0.4049479166666667 0.0029296875 0.009114583333333334
1 0.7646484375 0.4205729166666667 0.013671875 0.018229166666666668
1 0.77392578125 0.4049479166666667 0.00634765625 0.008463541666666666
1 0.70703125 0.6822916666666666 0.048828125 0.048828125
1 0.751953125 0.08658854166666667 0.01904296875 0.026041666666666668
4 0.63330078125 0.677734375 0.04541015625 0.044921875
4 0.68408203125 0.2727864583333333 0.0263671875 0.033854166666666664
3 0.703125 0.2727864583333333 0.01220703125 0.02734375
1 0.72998046875 0.2799479166666667 0.0302734375 0.039713541666666664
3 0.66943359375 0.6796875 0.02880859375 0.047526041666666664
3 0.75146484375 0.2799479166666667 0.013671875 0.030598958333333332
3 0.76611328125 0.08658854166666667 0.0087890625 0.0234375