3 0.2783203125 0.1796875 0.0087890625 0.025390625
5 0.3232421875 0.181640625 0.0205078125 0.029947916666666668
1 0.2939453125 0.18033854166666666 0.02001953125 0.026692708333333332
1 0.26416015625 0.19661458333333334 0.01123046875 0.016276041666666668
4 0.458984375 0.416015625 0.04541015625 0.052734375
1 0.396484375 0.4108072916666667 0.04541015625 0.057291666666666664
1 0.33056640625 0.4147135416666667 0.04541015625 0.056640625
3 0.29296875 0.4296875 0.02001953125 0.026692708333333332
3 0.2861328125 0.486328125 0.0107421875 0.014322916666666666
1 0.30078125 0.4869791666666667 0.01611328125 0.020833333333333332
1 0.28564453125 0.6223958333333334 0.0185546875 0.024739583333333332
1 0.29833984375 0.7473958333333334 0.02685546875 0.024739583333333332
3 0.27197265625 0.6223958333333334 0.009765625 0.022786458333333332
3 0.2783203125 0.7473958333333334 0.01220703125 0.024088541666666668
3 0.30859375 0.18033854166666666 0.0078125 0.026692708333333332