1 0.71240234375 0.7194010416666666 0.0185546875 0.041015625
1 0.37109375 0.751953125 0.02001953125 0.026692708333333332
1 0.337890625 0.7545572916666666 0.0185546875 0.024088541666666668
1 0.01025390625 0.7428385416666666 0.02001953125 0.026041666666666668
1 0.13916015625 0.7877604166666666 0.0068359375 0.009114583333333334
2 0.02783203125 0.7701822916666666 0.013671875 0.01953125
1 0.13818359375 0.779296875 0.00537109375 0.0078125
4 0.1787109375 0.7747395833333334 0.01171875 0.014973958333333334
3 0.2060546875 0.7805989583333334 0.02490234375 0.014322916666666666
3 0.17919921875 0.7936197916666666 0.0078125 0.012369791666666666
3 0.1669921875 0.7981770833333334 0.0068359375 0.014322916666666666
3 0.17919921875 0.7845052083333334 0.00927734375 0.004557291666666667
3 0.20263671875 0.7916666666666666 0.00732421875 0.005208333333333333
4 0.33740234375 0.7272135416666666 0.0234375 0.031901041666666664