1 0.5458984375 0.8170572916666666 0.01123046875 0.017578125
4 0.5458984375 0.8359375 0.0068359375 0.013671875
1 0.4814453125 0.8014322916666666 0.01953125 0.021484375
1 0.4814453125 0.8209635416666666 0.01318359375 0.018229166666666668
3 0.48193359375 0.8333333333333334 0.01513671875 0.006510416666666667
3 0.41162109375 0.6881510416666666 0.03369140625 0.028645833333333332
3 0.412109375 0.7115885416666666 0.03466796875 0.018229166666666668
3 0.41259765625 0.779296875 0.03662109375 0.024088541666666668
1 0.4111328125 0.6458333333333334 0.03466796875 0.057942708333333336
1 0.41162109375 0.744140625 0.0361328125 0.046875
1 0.20751953125 0.41015625 0.11181640625 0.166015625
3 0.20068359375 0.5546875 0.08984375 0.14518229166666666
1 0.53857421875 0.8502604166666666 0.00390625 0.006510416666666667