2 0.3359375 0.8001302083333334 0.0087890625 0.012369791666666666
1 0.333984375 0.7858072916666666 0.00927734375 0.01171875
1 0.34326171875 0.7708333333333334 0.0126953125 0.018229166666666668
3 0.33349609375 0.7708333333333334 0.00634765625 0.017578125
5 0.34619140625 0.798828125 0.01123046875 0.016927083333333332
5 0.34326171875 0.671875 0.009765625 0.014973958333333334
1 0.333984375 0.6686197916666666 0.00830078125 0.011067708333333334
3 0.462890625 0.6009114583333334 0.09716796875 0.047526041666666664
4 0.56103515625 0.6061197916666666 0.0986328125 0.13216145833333334
1 0.36328125 0.5970052083333334 0.09765625 0.126953125
1 0.33203125 0.466796875 0.01220703125 0.016927083333333332
3 0.32275390625 0.4661458333333333 0.005859375 0.016927083333333332
3 0.2890625 0.5963541666666666 0.05029296875 0.12825520833333334