5 0.51416015625 0.619140625 0.0263671875 0.03515625
4 0.45263671875 0.703125 0.017578125 0.0234375
4 0.2412109375 0.6966145833333334 0.009765625 0.024739583333333332
4 0.52197265625 0.712890625 0.0146484375 0.032552083333333336
5 0.2265625 0.71484375 0.02490234375 0.027994791666666668
5 0.2265625 0.6868489583333334 0.02197265625 0.027994791666666668
4 0.4521484375 0.6803385416666666 0.017578125 0.0234375
3 0.56005859375 0.703125 0.03271484375 0.054036458333333336
5 0.54248046875 0.6243489583333334 0.052734375 0.064453125
5 0.14794921875 0.6087239583333334 0.033203125 0.039713541666666664
3 0.14794921875 0.6627604166666666 0.029296875 0.06315104166666667
4 0.1474609375 0.712890625 0.02978515625 0.039713541666666664