4 0.66748046875 0.6868489583333334 0.01171875 0.059244791666666664
5 0.66552734375 0.6197916666666666 0.0146484375 0.060546875
3 0.61962890625 0.6126302083333334 0.03369140625 0.029296875
3 0.619140625 0.5865885416666666 0.02734375 0.021484375
3 0.61865234375 0.6985677083333334 0.03369140625 0.025390625
4 0.61962890625 0.5520833333333334 0.03466796875 0.046875
1 0.61865234375 0.65625 0.03466796875 0.055989583333333336
1 0.39697265625 0.6080729166666666 0.0537109375 0.07421875
1 0.1396484375 0.388671875 0.07470703125 0.150390625
3 0.3974609375 0.6627604166666666 0.05322265625 0.03515625
3 0.13427734375 0.5598958333333334 0.068359375 0.048828125
3 0.13623046875 0.4993489583333333 0.0703125 0.072265625