3 0.28173828125 0.70703125 0.02978515625 0.033203125
3 0.20947265625 0.7408854166666666 0.01513671875 0.009765625
3 0.23046875 0.734375 0.02001953125 0.022786458333333332
3 0.4521484375 0.6256510416666666 0.07275390625 0.064453125
2 0.61181640625 0.6640625 0.021484375 0.07096354166666667
1 0.453125 0.5319010416666666 0.07568359375 0.125
1 0.2822265625 0.6640625 0.03173828125 0.052083333333333336
1 0.14111328125 0.7350260416666666 0.0107421875 0.011067708333333334
1 0.20849609375 0.7233072916666666 0.0146484375 0.024088541666666668
1 0.23046875 0.70703125 0.01953125 0.031901041666666664
4 0.32373046875 0.759765625 0.0078125 0.014322916666666666
2 0.38232421875 0.72265625 0.00732421875 0.034505208333333336
1 0.51318359375 0.7545572916666666 0.01513671875 0.020833333333333332