4 0.732421875 0.5247395833333334 0.09130859375 0.12239583333333333
1 0.73291015625 0.6471354166666666 0.09033203125 0.123046875
2 0.52685546875 0.8365885416666666 0.00537109375 0.020833333333333332
1 0.5966796875 0.7604166666666666 0.01220703125 0.059244791666666664
1 0.53857421875 0.8352864583333334 0.0185546875 0.025390625
4 0.568359375 0.841796875 0.0166015625 0.024088541666666668
1 0.63671875 0.8509114583333334 0.01171875 0.017578125
5 0.53271484375 0.8098958333333334 0.02294921875 0.025390625
5 0.6845703125 0.8014322916666666 0.0234375 0.027994791666666668
2 0.74169921875 0.8717447916666666 0.00439453125 0.025390625
2 0.7265625 0.8723958333333334 0.0078125 0.026692708333333332
2 0.68505859375 0.8274739583333334 0.01611328125 0.022135416666666668
1 0.70263671875 0.8255208333333334 0.0185546875 0.024739583333333332
1 0.77490234375 0.80078125 0.02197265625 0.027994791666666668
3 0.77490234375 0.8216145833333334 0.02099609375 0.013671875
3 0.73388671875 0.7389322916666666 0.0888671875 0.064453125