1 0.453125 0.7981770833333334 0.0185546875 0.030598958333333332
3 0.45263671875 0.8209635416666666 0.0185546875 0.014322916666666666
3 0.45361328125 0.7708333333333334 0.00732421875 0.024088541666666668
4 0.4541015625 0.7454427083333334 0.01806640625 0.024088541666666668
4 0.4033203125 0.7688802083333334 0.0263671875 0.036458333333333336
4 0.146484375 0.734375 0.01953125 0.026692708333333332
3 0.14599609375 0.7532552083333334 0.01513671875 0.012369791666666666
3 0.14599609375 0.7727864583333334 0.0078125 0.026041666666666668
4 0.21337890625 0.4049479166666667 0.107421875 0.1484375
3 0.21337890625 0.5553385416666666 0.04345703125 0.14322916666666666
1 0.466796875 0.7916666666666666 0.015625 0.020182291666666668