4 0.3291015625 0.279296875 0.0126953125 0.016276041666666668
5 0.341796875 0.2779947916666667 0.01220703125 0.013671875
5 0.34619140625 0.3190104166666667 0.0234375 0.026692708333333332
1 0.333984375 0.2916666666666667 0.0146484375 0.016927083333333332
1 0.3125 0.2578125 0.0087890625 0.009765625
1 0.30419921875 0.27734375 0.01416015625 0.01953125
1 0.33447265625 0.12434895833333333 0.01513671875 0.020182291666666668
2 0.30126953125 0.125 0.009765625 0.014322916666666666
1 0.4169921875 0.3919270833333333 0.033203125 0.045572916666666664
1 0.3828125 0.3938802083333333 0.03662109375 0.051432291666666664
1 0.405029296875 0.016927083333333332 0.03759765625 0.033854166666666664
1 0.439697265625 0.016276041666666668 0.03271484375 0.032552083333333336