4 0.267578125 0.5247395833333334 0.09130859375 0.12239583333333333
1 0.26708984375 0.6471354166666666 0.09033203125 0.123046875
2 0.47314453125 0.8365885416666666 0.00537109375 0.020833333333333332
1 0.4033203125 0.7604166666666666 0.01220703125 0.059244791666666664
1 0.46142578125 0.8352864583333334 0.0185546875 0.025390625
4 0.431640625 0.841796875 0.0166015625 0.024088541666666668
1 0.36328125 0.8509114583333334 0.01171875 0.017578125
5 0.46728515625 0.8098958333333334 0.02294921875 0.025390625
5 0.3154296875 0.8014322916666666 0.0234375 0.027994791666666668
2 0.25830078125 0.8717447916666666 0.00439453125 0.025390625
2 0.2734375 0.8723958333333334 0.0078125 0.026692708333333332
2 0.31494140625 0.8274739583333334 0.01611328125 0.022135416666666668
1 0.29736328125 0.8255208333333334 0.0185546875 0.024739583333333332
1 0.22509765625 0.80078125 0.02197265625 0.027994791666666668
3 0.22509765625 0.8216145833333334 0.02099609375 0.013671875
3 0.26611328125 0.7389322916666666 0.0888671875 0.064453125