1 0.5078125 0.796875 0.0078125 0.013020833333333334
1 0.525390625 0.7337239583333334 0.02197265625 0.034505208333333336
4 0.5244140625 0.76953125 0.01318359375 0.026041666666666668
3 0.40478515625 0.765625 0.02978515625 0.014322916666666666
1 0.40478515625 0.7421875 0.025390625 0.033854166666666664
3 0.40478515625 0.705078125 0.0380859375 0.040364583333333336
1 0.27587890625 0.5852864583333334 0.07177734375 0.09440104166666667
1 0.27490234375 0.384765625 0.06982421875 0.11979166666666667
3 0.2763671875 0.4713541666666667 0.07080078125 0.059244791666666664
3 0.2763671875 0.51953125 0.07080078125 0.037109375
3 0.2763671875 0.6575520833333334 0.072265625 0.047526041666666664