3 0.740234375 0.7955729166666666 0.01904296875 0.01171875
5 0.73876953125 0.7356770833333334 0.0224609375 0.02734375
1 0.73974609375 0.7747395833333334 0.02001953125 0.026692708333333332
1 0.7275390625 0.814453125 0.01220703125 0.014973958333333334
4 0.56298828125 0.5546875 0.03955078125 0.060546875
1 0.56689453125 0.6380208333333334 0.04296875 0.060546875
1 0.56396484375 0.7259114583333334 0.04248046875 0.060546875
3 0.552734375 0.7760416666666666 0.02001953125 0.026692708333333332
3 0.51025390625 0.78515625 0.0107421875 0.014322916666666666
1 0.509765625 0.765625 0.015625 0.021484375
1 0.408203125 0.7858072916666666 0.0185546875 0.024739583333333332
1 0.314453125 0.7688802083333334 0.0185546875 0.035807291666666664
3 0.408203125 0.8040364583333334 0.01708984375 0.013020833333333334
3 0.314453125 0.7955729166666666 0.01806640625 0.016276041666666668
3 0.10009765625 0.8072916666666666 0.02392578125 0.020182291666666668
1 0.099609375 0.7779947916666666 0.02392578125 0.038411458333333336
3 0.73974609375 0.7552083333333334 0.02001953125 0.010416666666666666