2 0.72509765625 0.71875 0.00927734375 0.01171875
1 0.71435546875 0.7213541666666666 0.0087890625 0.012369791666666666
1 0.703125 0.708984375 0.013671875 0.016927083333333332
3 0.703125 0.7220052083333334 0.01318359375 0.008463541666666666
5 0.72412109375 0.705078125 0.0126953125 0.014973958333333334
5 0.62890625 0.708984375 0.01123046875 0.013020833333333334
1 0.62646484375 0.7213541666666666 0.00830078125 0.011067708333333334
3 0.57568359375 0.5494791666666666 0.03564453125 0.12955729166666666
4 0.57958984375 0.4186197916666667 0.09912109375 0.13151041666666666
1 0.57275390625 0.6822916666666666 0.09521484375 0.13020833333333334
1 0.47509765625 0.7239583333333334 0.0126953125 0.016276041666666668
3 0.474609375 0.736328125 0.0126953125 0.0078125
1 0.080078125 0.6139322916666666 0.03466796875 0.0546875
3 0.572265625 0.78125 0.09619140625 0.06705729166666667
3 0.080078125 0.6555989583333334 0.03369140625 0.025390625
3 0.080078125 0.677734375 0.03466796875 0.017578125