3 0.3369140625 0.3567708333333333 0.01416015625 0.0078125
4 0.3515625 0.3567708333333333 0.0146484375 0.020833333333333332
1 0.32177734375 0.3567708333333333 0.015625 0.020833333333333332
5 0.39599609375 0.5397135416666666 0.0439453125 0.020182291666666668
4 0.34716796875 0.5403645833333334 0.03515625 0.013671875
1 0.3701171875 0.6002604166666666 0.04248046875 0.045572916666666664
3 0.3388671875 0.6015625 0.0205078125 0.04296875
3 0.40234375 0.599609375 0.02197265625 0.044270833333333336
3 0.421875 0.5989583333333334 0.01513671875 0.03515625
4 0.44677734375 0.5983072916666666 0.0341796875 0.044270833333333336
3 0.37060546875 0.8938802083333334 0.0263671875 0.07356770833333333
1 0.41015625 0.89453125 0.05224609375 0.07161458333333333
3 0.310546875 0.35546875 0.0068359375 0.018880208333333332