2 0.45751953125 0.8723958333333334 0.00537109375 0.007161458333333333
5 0.45751953125 0.86328125 0.0078125 0.009765625
3 0.4404296875 0.8671875 0.013671875 0.009114583333333334
4 0.43994140625 0.833984375 0.013671875 0.018229166666666668
1 0.45166015625 0.8717447916666666 0.005859375 0.0078125
3 0.4287109375 0.8717447916666666 0.0068359375 0.00390625
1 0.4404296875 0.8528645833333334 0.013671875 0.018229166666666668
1 0.4287109375 0.865234375 0.00634765625 0.008463541666666666
1 0.63671875 0.7760416666666666 0.03662109375 0.06510416666666667
1 0.18994140625 0.8359375 0.01953125 0.025390625
4 0.63330078125 0.677734375 0.03369140625 0.060546875
4 0.32958984375 0.7454427083333334 0.025390625 0.03515625
3 0.32958984375 0.7708333333333334 0.0205078125 0.016276041666666668
1 0.3349609375 0.806640625 0.02978515625 0.040364583333333336
3 0.634765625 0.7259114583333334 0.03564453125 0.038411458333333336
3 0.3349609375 0.8352864583333334 0.02294921875 0.018229166666666668
3 0.18994140625 0.8548177083333334 0.017578125 0.01171875
1 0.10205078125 0.78125 0.0263671875 0.046223958333333336
3 0.1005859375 0.8138020833333334 0.025390625 0.018880208333333332
2 0.04345703125 0.8509114583333334 0.02978515625 0.043619791666666664