2 0.546875 0.95703125 0.0205078125 0.030598958333333332
4 0.515625 0.9752604166666666 0.01904296875 0.02734375
5 0.5439453125 0.921875 0.0302734375 0.036458333333333336
5 0.34423828125 0.9173177083333334 0.0302734375 0.037109375
1 0.44677734375 0.9889322916666666 0.013671875 0.018880208333333332
2 0.34375 0.951171875 0.0224609375 0.030598958333333332
2 0.16015625 0.9925130208333334 0.0380859375 0.014973958333333334
1 0.52978515625 0.9466145833333334 0.02734375 0.037109375
1 0.29296875 0.9427083333333334 0.0263671875 0.035807291666666664
1 0.09033203125 0.8834635416666666 0.0380859375 0.051432291666666664
3 0.0908203125 0.923828125 0.03759765625 0.026041666666666668