3 0.2958984375 0.748046875 0.0234375 0.018880208333333332
4 0.53076171875 0.650390625 0.046875 0.0703125
4 0.29638671875 0.7161458333333334 0.029296875 0.043619791666666664
3 0.53076171875 0.7063802083333334 0.04736328125 0.044921875
3 0.30224609375 0.8235677083333334 0.01611328125 0.022786458333333332
3 0.2822265625 0.8287760416666666 0.02734375 0.022135416666666668
3 0.16943359375 0.8463541666666666 0.0224609375 0.016927083333333332
3 0.021484375 0.8001302083333334 0.0283203125 0.020833333333333332
1 0.29638671875 0.78515625 0.02685546875 0.054036458333333336
1 0.53076171875 0.7630208333333334 0.046875 0.07161458333333333
1 0.2822265625 0.79296875 0.0341796875 0.048177083333333336
1 0.17041015625 0.8235677083333334 0.02197265625 0.031901041666666664
1 0.02197265625 0.7610677083333334 0.0322265625 0.0546875