4 0.33447265625 0.7278645833333334 0.01220703125 0.016927083333333332
5 0.33349609375 0.7109375 0.01025390625 0.016276041666666668
5 0.3642578125 0.705078125 0.02001953125 0.03125
1 0.34375 0.7213541666666666 0.0126953125 0.01953125
1 0.318359375 0.75 0.00732421875 0.01171875
1 0.3330078125 0.7610677083333334 0.0146484375 0.018880208333333332
1 0.21826171875 0.720703125 0.01513671875 0.020182291666666668
2 0.21875 0.7649739583333334 0.0107421875 0.013020833333333334
1 0.4189453125 0.6106770833333334 0.0341796875 0.044270833333333336
1 0.42041015625 0.65625 0.03857421875 0.048828125
1 0.13134765625 0.6263020833333334 0.03857421875 0.050130208333333336
1 0.13232421875 0.580078125 0.03466796875 0.043619791666666664